[0, 7, 2]
[3, 5, 8]
[6, 4, 1]
右移
[7, 0, 2]
[3, 5, 8]
[6, 4, 1]
下移
[7, 5, 2]
[3, 0, 8]
[6, 4, 1]
左移
[7, 5, 2]
[0, 3, 8]
[6, 4, 1]
下移
[7, 5, 2]
[6, 3, 8]
[0, 4, 1]
右移
[7, 5, 2]
[6, 3, 8]
[4, 0, 1]
右移
[7, 5, 2]
[6, 3, 8]
[4, 1, 0]
上移
[7, 5, 2]
[6, 3, 0]
[4, 1, 8]
左移
[7, 5, 2]
[6, 0, 3]
[4, 1, 8]
下移
[7, 5, 2]
[6, 1, 3]
[4, 0, 8]
左移
[7, 5, 2]
[6, 1, 3]
[0, 4, 8]
上移
[7, 5, 2]
[0, 1, 3]
[6, 4, 8]
上移
[0, 5, 2]
[7, 1, 3]
[6, 4, 8]
右移
[5, 0, 2]
[7, 1, 3]
[6, 4, 8]
下移
[5, 1, 2]
[7, 0, 3]
[6, 4, 8]
左移
[5, 1, 2]
[0, 7, 3]
[6, 4, 8]
下移
[5, 1, 2]
[6, 7, 3]
[0, 4, 8]
右移
[5, 1, 2]
[6, 7, 3]
[4, 0, 8]
上移
[5, 1, 2]
[6, 0, 3]
[4, 7, 8]
左移
[5, 1, 2]
[0, 6, 3]
[4, 7, 8]
上移
[0, 1, 2]
[5, 6, 3]
[4, 7, 8]
右移
[1, 0, 2]
[5, 6, 3]
[4, 7, 8]
右移
[1, 2, 0]
[5, 6, 3]
[4, 7, 8]
下移
[1, 2, 3]
[5, 6, 0]
[4, 7, 8]
左移
[1, 2, 3]
[5, 0, 6]
[4, 7, 8]
左移
[1, 2, 3]
[0, 5, 6]
[4, 7, 8]
下移
[1, 2, 3]
[4, 5, 6]
[0, 7, 8]
右移
[1, 2, 3]
[4, 5, 6]
[7, 0, 8]
右移
[1, 2, 3]
[4, 5, 6]
[7, 8, 0]
步数: 28
