[1, 6, 2]
[7, 3, 4]
[0, 8, 5]
右移
[1, 6, 2]
[7, 3, 4]
[8, 0, 5]
上移
[1, 6, 2]
[7, 0, 4]
[8, 3, 5]
右移
[1, 6, 2]
[7, 4, 0]
[8, 3, 5]
下移
[1, 6, 2]
[7, 4, 5]
[8, 3, 0]
左移
[1, 6, 2]
[7, 4, 5]
[8, 0, 3]
左移
[1, 6, 2]
[7, 4, 5]
[0, 8, 3]
上移
[1, 6, 2]
[0, 4, 5]
[7, 8, 3]
右移
[1, 6, 2]
[4, 0, 5]
[7, 8, 3]
右移
[1, 6, 2]
[4, 5, 0]
[7, 8, 3]
下移
[1, 6, 2]
[4, 5, 3]
[7, 8, 0]
左移
[1, 6, 2]
[4, 5, 3]
[7, 0, 8]
上移
[1, 6, 2]
[4, 0, 3]
[7, 5, 8]
上移
[1, 0, 2]
[4, 6, 3]
[7, 5, 8]
右移
[1, 2, 0]
[4, 6, 3]
[7, 5, 8]
下移
[1, 2, 3]
[4, 6, 0]
[7, 5, 8]
左移
[1, 2, 3]
[4, 0, 6]
[7, 5, 8]
下移
[1, 2, 3]
[4, 5, 6]
[7, 0, 8]
右移
[1, 2, 3]
[4, 5, 6]
[7, 8, 0]
步数: 18
